275922122
1000000
10000
83604387
1419450376
1079543838
215757529
2739294360
869535666
825561986
2329677945
1229302600
876336895
601537645
2759947904
1063107252
80000000
2639349695
2940027789
1730862627
1072797231
2512477375
784374600
1357670938
405383051
1282522443
1059690913
563541587
1259125423
1441646795
303241829
1035312333
719990559
913680749
1276874644
734353522
847229035
947605846
Pytho
1091867011
1605480881
2530088376
726761393
250151700
919102450
168380075
492644858
1076452761
Jav
509852661
1095299292
724043046
1175204449
792471701
616923882
835448816
1195653643
747649138
877306134
